{
 "cells": [
  {
   "cell_type": "code",
   "execution_count": 1,
   "metadata": {},
   "outputs": [
    {
     "name": "stdout",
     "output_type": "stream",
     "text": [
      "\n",
      " value of matrix\n",
      " [[1 2 3]\n",
      " [4 5 6]\n",
      " [7 8 9]]\n",
      "\n",
      " Value of inverse matrix a\n",
      " [[-6.38888889e-01 -1.66666667e-01  3.05555556e-01]\n",
      " [-5.55555556e-02  1.38777878e-16  5.55555556e-02]\n",
      " [ 5.27777778e-01  1.66666667e-01 -1.94444444e-01]]\n",
      "\n",
      " value of p1 \n",
      " [[-6.38888889e-01 -3.33333333e-01  9.16666667e-01]\n",
      " [-2.22222222e-01  6.93889390e-16  3.33333333e-01]\n",
      " [ 3.69444444e+00  1.33333333e+00 -1.75000000e+00]]\n",
      "\n",
      " value of p1f\n",
      " [[-6.38888889e-01 -6.66666667e-01  2.75000000e+00]\n",
      " [-8.88888889e-01  3.46944695e-15  2.00000000e+00]\n",
      " [ 2.58611111e+01  1.06666667e+01 -1.57500000e+01]]\n",
      "\n",
      " value of err1\n",
      " [[ -1.63888889  -2.66666667  -0.25      ]\n",
      " [ -4.88888889  -5.          -4.        ]\n",
      " [ 18.86111111   2.66666667 -24.75      ]]\n",
      "\n",
      " value of p2 \n",
      " [[-6.38888889e-01 -3.33333333e-01  9.16666667e-01]\n",
      " [-2.22222222e-01  6.93889390e-16  3.33333333e-01]\n",
      " [ 3.69444444e+00  1.33333333e+00 -1.75000000e+00]]\n",
      "\n",
      " value of p2f\n",
      " [[4.08179012e-01 5.55555556e-02 2.80092593e-01]\n",
      " [1.23456790e-02 9.62964972e-32 1.85185185e-02]\n",
      " [1.94984568e+00 2.22222222e-01 3.40277778e-01]]\n",
      "\n",
      " value of err2\n",
      " [[ 1.04706790e+00  2.22222222e-01 -2.54629630e-02]\n",
      " [ 6.79012346e-02 -1.38777878e-16 -3.70370370e-02]\n",
      " [ 1.42206790e+00  5.55555556e-02  5.34722222e-01]]\n",
      "\n",
      " value of p3\n",
      " [[-6.38888889e-01 -2.22222222e-01  3.69444444e+00]\n",
      " [-3.33333333e-01  6.93889390e-16  1.33333333e+00]\n",
      " [ 9.16666667e-01  3.33333333e-01 -1.75000000e+00]]\n",
      "\n",
      " value of err3\n",
      " [[ 0.          0.11111111  2.77777778]\n",
      " [-0.11111111  0.          1.        ]\n",
      " [-2.77777778 -1.          0.        ]]\n",
      "\n",
      " value of p4\n",
      " [[-6.38888889e-01 -2.22222222e-01  3.69444444e+00]\n",
      " [-3.33333333e-01  6.93889390e-16  1.33333333e+00]\n",
      " [ 9.16666667e-01  3.33333333e-01 -1.75000000e+00]]\n",
      "\n",
      " value of err4\n",
      " [[ 0.          0.11111111  2.77777778]\n",
      " [-0.11111111  0.          1.        ]\n",
      " [-2.77777778 -1.          0.        ]]\n"
     ]
    }
   ],
   "source": [
    "import numpy as np\n",
    "a = np.array([[1,2,3],[4,5,6],[7,8,9]]) \n",
    "\n",
    "print (\"\\n value of matrix\\n\",a) \n",
    "ainv = np.linalg.pinv(a)  #inverse of given matrix\n",
    "print (\"\\n Value of inverse matrix a\\n\",ainv)\n",
    "\n",
    "#property1\n",
    "p1 = a * ainv \n",
    "print(\"\\n value of p1 \\n\",p1)\n",
    "p1f = p1 * a \n",
    "print (\"\\n value of p1f\\n\",p1f)\n",
    "err1 = p1f - a \n",
    "print (\"\\n value of err1\\n\",err1)\n",
    "\n",
    "#property2\n",
    "p2 = ainv * a\n",
    "print(\"\\n value of p2 \\n\",p2)\n",
    "p2f = p2 * ainv\n",
    "print (\"\\n value of p2f\\n\",p2f)\n",
    "err2 = p2f - ainv\n",
    "print (\"\\n value of err2\\n\",err2)\n",
    "\n",
    "#property3\n",
    "p3 = p1.transpose()\n",
    "print (\"\\n value of p3\\n\",p3)\n",
    "err3 = p3 - p1\n",
    "print (\"\\n value of err3\\n\",err3)\n",
    "\n",
    "#property4\n",
    "p4 = p2.transpose()\n",
    "print (\"\\n value of p4\\n\",p4)\n",
    "err4 = p4 - p2\n",
    "print (\"\\n value of err4\\n\",err4)"
   ]
  },
  {
   "cell_type": "code",
   "execution_count": null,
   "metadata": {},
   "outputs": [],
   "source": []
  },
  {
   "cell_type": "code",
   "execution_count": null,
   "metadata": {},
   "outputs": [],
   "source": []
  },
  {
   "cell_type": "code",
   "execution_count": null,
   "metadata": {},
   "outputs": [],
   "source": []
  },
  {
   "cell_type": "code",
   "execution_count": null,
   "metadata": {},
   "outputs": [],
   "source": []
  }
 ],
 "metadata": {
  "kernelspec": {
   "display_name": "Python 3",
   "language": "python",
   "name": "python3"
  },
  "language_info": {
   "codemirror_mode": {
    "name": "ipython",
    "version": 3
   },
   "file_extension": ".py",
   "mimetype": "text/x-python",
   "name": "python",
   "nbconvert_exporter": "python",
   "pygments_lexer": "ipython3",
   "version": "3.7.6"
  }
 },
 "nbformat": 4,
 "nbformat_minor": 2
}
